{
    "camera_angle_x": 0.9500215649604797,
    "camera_angle_y": 0.6605947017669678,
    "fl_x": 995.5555555555555,
    "fl_y": 995.5555555555555,
    "k1": 0.0,
    "k2": 0.0,
    "p1": 0.0,
    "p2": 0.0,
    "cx": 512.0,
    "cy": 512.0,
    "w": 1024.0,
    "h": 1024.0,
    "aabb_scale": 16,
    "frames": [
        {
            "file_path": "images/0000.png",
            "transform_matrix": [
                [
                    0.7592658996582031,
                    0.1509905308485031,
                    -0.6330222487449646,
                    -2.174633026123047
                ],
                [
                    -0.6507805585861206,
                    0.17616069316864014,
                    -0.7385472059249878,
                    -2.4468636512756348
                ],
                [
                    0.0,
                    0.9727122783660889,
                    0.2320145070552826,
                    2.4575626850128174
                ],
                [
                    0.0,
                    0.0,
                    0.0,
                    1.0
                ]
            ],
            "semantic_path": "semantics/0000.png"
        },
        {
            "file_path": "images/0001.png",
            "transform_matrix": [
                [
                    -0.15811866521835327,
                    0.8594375848770142,
                    -0.48617446422576904,
                    -1.2390519380569458
                ],
                [
                    -0.9874202013015747,
                    -0.13762441277503967,
                    0.07785262912511826,
                    0.35126253962516785
                ],
                [
                    0.0,
                    0.4923684000968933,
                    0.8703868985176086,
                    3.945903778076172
                ],
                [
                    0.0,
                    0.0,
                    0.0,
                    1.0
                ]
            ],
            "semantic_path": "semantics/0001.png"
        },
        {
            "file_path": "images/0002.png",
            "transform_matrix": [
                [
                    0.9945401549339294,
                    0.09229622781276703,
                    -0.048696160316467285,
                    -0.08290298283100128
                ],
                [
                    -0.10435472428798676,
                    0.8796180486679077,
                    -0.4640929102897644,
                    -1.0942128896713257
                ],
                [
                    -3.725290298461914e-09,
                    0.4666407108306885,
                    0.8844469785690308,
                    4.005438804626465
                ],
                [
                    0.0,
                    0.0,
                    0.0,
                    1.0
                ]
            ],
            "semantic_path": "semantics/0002.png"
        },
        {
            "file_path": "images/0003.png",
            "transform_matrix": [
                [
                    -0.9973695874214172,
                    -0.04356440156698227,
                    0.05793243274092674,
                    0.21143776178359985
                ],
                [
                    0.07248464971780777,
                    -0.5994346141815186,
                    0.7971349954605103,
                    2.4057724475860596
                ],
                [
                    -3.725290298461914e-09,
                    0.7992373108863831,
                    0.601015567779541,
                    3.347564458847046
                ],
                [
                    0.0,
                    0.0,
                    0.0,
                    1.0
                ]
            ],
            "semantic_path": "semantics/0003.png"
        },
        {
            "file_path": "images/0004.png",
            "transform_matrix": [
                [
                    -0.6843939423561096,
                    0.22915837168693542,
                    0.6921642422676086,
                    2.8616559505462646
                ],
                [
                    0.7291123867034912,
                    0.21510346233844757,
                    0.6497119069099426,
                    2.787177085876465
                ],
                [
                    0.0,
                    0.9493244290351868,
                    -0.31429770588874817,
                    0.36522823572158813
                ],
                [
                    0.0,
                    0.0,
                    0.0,
                    1.0
                ]
            ],
            "semantic_path": "semantics/0004.png"
        },
        {
            "file_path": "images/0005.png",
            "transform_matrix": [
                [
                    -0.9563199877738953,
                    0.022088225930929184,
                    -0.29148614406585693,
                    -0.9677543044090271
                ],
                [
                    -0.2923218309879303,
                    -0.07226081937551498,
                    0.9535861015319824,
                    3.46553897857666
                ],
                [
                    -1.8626449271863521e-09,
                    0.9971411824226379,
                    0.07556132972240448,
                    1.9063284397125244
                ],
                [
                    0.0,
                    0.0,
                    0.0,
                    1.0
                ]
            ],
            "semantic_path": "semantics/0005.png"
        },
        {
            "file_path": "images/0006.png",
            "transform_matrix": [
                [
                    -0.8785253763198853,
                    0.12469558417797089,
                    -0.4611336588859558,
                    -1.4535506963729858
                ],
                [
                    -0.4776957929134369,
                    -0.22932636737823486,
                    0.8480661511421204,
                    2.9052321910858154
                ],
                [
                    0.0,
                    0.965329110622406,
                    0.26103559136390686,
                    2.492745876312256
                ],
                [
                    0.0,
                    0.0,
                    0.0,
                    1.0
                ]
            ],
            "semantic_path": "semantics/0006.png"
        },
        {
            "file_path": "images/0007.png",
            "transform_matrix": [
                [
                    0.9856305718421936,
                    0.1538468599319458,
                    -0.06973887979984283,
                    -0.1369125247001648
                ],
                [
                    -0.168915256857872,
                    0.8977054953575134,
                    -0.40693047642707825,
                    -0.9287523627281189
                ],
                [
                    0.0,
                    0.4128630459308624,
                    0.9107930064201355,
                    4.047178268432617
                ],
                [
                    0.0,
                    0.0,
                    0.0,
                    1.0
                ]
            ],
            "semantic_path": "semantics/0007.png"
        },
        {
            "file_path": "images/0008.png",
            "transform_matrix": [
                [
                    -0.17848266661167145,
                    0.40902718901634216,
                    -0.8948970437049866,
                    -2.7814059257507324
                ],
                [
                    -0.9839430451393127,
                    -0.07419561594724655,
                    0.16233013570308685,
                    0.6583859324455261
                ],
                [
                    0.0,
                    0.9095008373260498,
                    0.41570213437080383,
                    2.9571733474731445
                ],
                [
                    0.0,
                    0.0,
                    0.0,
                    1.0
                ]
            ],
            "semantic_path": "semantics/0008.png"
        },
        {
            "file_path": "images/0009.png",
            "transform_matrix": [
                [
                    0.4871298372745514,
                    0.6603903770446777,
                    -0.5714797377586365,
                    -1.5573022365570068
                ],
                [
                    -0.8733295798301697,
                    0.3683556318283081,
                    -0.3187626302242279,
                    -0.7496441006660461
                ],
                [
                    0.0,
                    0.6543689370155334,
                    0.7561754584312439,
                    3.7662363052368164
                ],
                [
                    0.0,
                    0.0,
                    0.0,
                    1.0
                ]
            ],
            "semantic_path": "semantics/0009.png"
        },
        {
            "file_path": "images/0010.png",
            "transform_matrix": [
                [
                    0.3922695815563202,
                    -0.7682602405548096,
                    0.505866289138794,
                    1.4019914865493774
                ],
                [
                    0.9198503494262695,
                    0.3276240825653076,
                    -0.2157263308763504,
                    -0.4324705898761749
                ],
                [
                    -1.4901162970204496e-08,
                    0.5499441027641296,
                    0.8352014422416687,
                    3.880112409591675
                ],
                [
                    0.0,
                    0.0,
                    0.0,
                    1.0
                ]
            ],
            "semantic_path": "semantics/0010.png"
        },
        {
            "file_path": "images/0011.png",
            "transform_matrix": [
                [
                    0.20378327369689941,
                    -0.20521502196788788,
                    0.9572664499282837,
                    3.3002712726593018
                ],
                [
                    0.979016125202179,
                    0.042715732008218765,
                    -0.1992560476064682,
                    -0.5318413972854614
                ],
                [
                    0.0,
                    0.9777843356132507,
                    0.20961353182792664,
                    2.3555731773376465
                ],
                [
                    0.0,
                    0.0,
                    0.0,
                    1.0
                ]
            ],
            "semantic_path": "semantics/0011.png"
        },
        {
            "file_path": "images/0012.png",
            "transform_matrix": [
                [
                    0.9991134405136108,
                    -0.0010840793838724494,
                    0.04208490997552872,
                    0.2078215479850769
                ],
                [
                    0.04209887236356735,
                    0.02572796493768692,
                    -0.9987820982933044,
                    -3.667705774307251
                ],
                [
                    0.0,
                    0.999668300151825,
                    0.025750795379281044,
                    1.7415430545806885
                ],
                [
                    0.0,
                    0.0,
                    0.0,
                    1.0
                ]
            ],
            "semantic_path": "semantics/0012.png"
        },
        {
            "file_path": "images/0013.png",
            "transform_matrix": [
                [
                    0.6385354995727539,
                    -0.06022626906633377,
                    -0.7672322392463684,
                    -2.994272470474243
                ],
                [
                    -0.7695924639701843,
                    -0.049970101565122604,
                    -0.6365772485733032,
                    -2.3781936168670654
                ],
                [
                    0.0,
                    0.9969331622123718,
                    -0.07825736701488495,
                    1.3330110311508179
                ],
                [
                    0.0,
                    0.0,
                    0.0,
                    1.0
                ]
            ],
            "semantic_path": "semantics/0013.png"
        },
        {
            "file_path": "images/0014.png",
            "transform_matrix": [
                [
                    0.658462405204773,
                    -0.7466602921485901,
                    0.09447639435529709,
                    0.2857014536857605
                ],
                [
                    0.7526136636734009,
                    0.6532537341117859,
                    -0.08265747874975204,
                    -0.0634056031703949
                ],
                [
                    0.0,
                    0.12553098797798157,
                    0.9920896887779236,
                    4.148184299468994
                ],
                [
                    0.0,
                    0.0,
                    0.0,
                    1.0
                ]
            ],
            "semantic_path": "semantics/0014.png"
        },
        {
            "file_path": "images/0015.png",
            "transform_matrix": [
                [
                    -0.5334810018539429,
                    0.8335012197494507,
                    -0.14378325641155243,
                    -0.3155137598514557
                ],
                [
                    -0.8458120822906494,
                    -0.5257161259651184,
                    0.09068874269723892,
                    0.37404555082321167
                ],
                [
                    0.0,
                    0.16999460756778717,
                    0.9854450821876526,
                    4.128859043121338
                ],
                [
                    0.0,
                    0.0,
                    0.0,
                    1.0
                ]
            ],
            "semantic_path": "semantics/0015.png"
        },
        {
            "file_path": "images/0016.png",
            "transform_matrix": [
                [
                    -0.10065516084432602,
                    0.02415197156369686,
                    0.9946281909942627,
                    3.713209629058838
                ],
                [
                    0.9949213862419128,
                    0.0024434300139546394,
                    0.10062550008296967,
                    0.51618891954422
                ],
                [
                    -2.3283064365386963e-10,
                    0.9997053146362305,
                    -0.02427525632083416,
                    1.5537604093551636
                ],
                [
                    0.0,
                    0.0,
                    0.0,
                    1.0
                ]
            ],
            "semantic_path": "semantics/0016.png"
        },
        {
            "file_path": "images/0017.png",
            "transform_matrix": [
                [
                    0.9102931618690491,
                    0.07220649719238281,
                    -0.40761837363243103,
                    -1.4216645956039429
                ],
                [
                    -0.4139644503593445,
                    0.1587795466184616,
                    -0.8963384032249451,
                    -3.0845866203308105
                ],
                [
                    0.0,
                    0.984670102596283,
                    0.1744268536567688,
                    2.271768808364868
                ],
                [
                    0.0,
                    0.0,
                    0.0,
                    1.0
                ]
            ],
            "semantic_path": "semantics/0017.png"
        },
        {
            "file_path": "images/0018.png",
            "transform_matrix": [
                [
                    -0.8943924903869629,
                    0.07220803946256638,
                    0.4414161145687103,
                    1.7258275747299194
                ],
                [
                    0.44728314876556396,
                    0.14438802003860474,
                    0.8826606869697571,
                    3.5019888877868652
                ],
                [
                    -7.450581485102248e-09,
                    0.9868829250335693,
                    -0.16143698990345,
                    1.029302954673767
                ],
                [
                    0.0,
                    0.0,
                    0.0,
                    1.0
                ]
            ],
            "semantic_path": "semantics/0018.png"
        },
        {
            "file_path": "images/0019.png",
            "transform_matrix": [
                [
                    -0.5248824954032898,
                    0.017579667270183563,
                    -0.8509931564331055,
                    -3.054784059524536
                ],
                [
                    -0.8511747717857361,
                    -0.01084061712026596,
                    0.5247704982757568,
                    2.0581295490264893
                ],
                [
                    0.0,
                    0.9997866749763489,
                    0.020653419196605682,
                    1.718518853187561
                ],
                [
                    0.0,
                    0.0,
                    0.0,
                    1.0
                ]
            ],
            "semantic_path": "semantics/0019.png"
        },
        {
            "file_path": "images/0020.png",
            "transform_matrix": [
                [
                    0.8649510741233826,
                    -0.0008292202255688608,
                    -0.5018556118011475,
                    -1.8930946588516235
                ],
                [
                    -0.5018563270568848,
                    -0.0014291639672592282,
                    -0.8649498224258423,
                    -3.19873046875
                ],
                [
                    -1.1641532182693481e-10,
                    0.9999986886978149,
                    -0.001652306062169373,
                    1.6368473768234253
                ],
                [
                    0.0,
                    0.0,
                    0.0,
                    1.0
                ]
            ],
            "semantic_path": "semantics/0020.png"
        },
        {
            "file_path": "images/0021.png",
            "transform_matrix": [
                [
                    0.30702701210975647,
                    -0.3088902533054352,
                    0.9001784324645996,
                    2.982106924057007
                ],
                [
                    0.9517008662223816,
                    0.09965069591999054,
                    -0.2904054522514343,
                    -0.8015429377555847
                ],
                [
                    0.0,
                    0.9458628296852112,
                    0.3245665431022644,
                    2.701455593109131
                ],
                [
                    0.0,
                    0.0,
                    0.0,
                    1.0
                ]
            ],
            "semantic_path": "semantics/0021.png"
        },
        {
            "file_path": "images/0022.png",
            "transform_matrix": [
                [
                    -0.3443392813205719,
                    0.8249636292457581,
                    -0.448180228471756,
                    -1.130506992340088
                ],
                [
                    -0.9388452768325806,
                    -0.30257102847099304,
                    0.1643785834312439,
                    0.5772282481193542
                ],
                [
                    0.0,
                    0.4773738980293274,
                    0.8787001967430115,
                    3.9521563053131104
                ],
                [
                    0.0,
                    0.0,
                    0.0,
                    1.0
                ]
            ],
            "semantic_path": "semantics/0022.png"
        },
        {
            "file_path": "images/0023.png",
            "transform_matrix": [
                [
                    -0.9729884266853333,
                    -0.04589271545410156,
                    0.22624632716178894,
                    0.7922887206077576
                ],
                [
                    0.23085393011569977,
                    -0.19342567026615143,
                    0.9535685777664185,
                    3.2858359813690186
                ],
                [
                    -7.450580596923828e-09,
                    0.980040967464447,
                    0.19879548251628876,
                    2.297960042953491
                ],
                [
                    0.0,
                    0.0,
                    0.0,
                    1.0
                ]
            ],
            "semantic_path": "semantics/0023.png"
        },
        {
            "file_path": "images/0024.png",
            "transform_matrix": [
                [
                    0.7494360208511353,
                    -0.49694812297821045,
                    0.43747958540916443,
                    1.2710644006729126
                ],
                [
                    0.6620768904685974,
                    0.5625189542770386,
                    -0.49520373344421387,
                    -1.2401014566421509
                ],
                [
                    0.0,
                    0.6607685089111328,
                    0.7505897283554077,
                    3.7431118488311768
                ],
                [
                    0.0,
                    0.0,
                    0.0,
                    1.0
                ]
            ],
            "semantic_path": "semantics/0024.png"
        },
        {
            "file_path": "images/0025.png",
            "transform_matrix": [
                [
                    0.9996004104614258,
                    -0.00222958461381495,
                    -0.028177496045827866,
                    -0.06509693711996078
                ],
                [
                    -0.028265563771128654,
                    -0.07884836941957474,
                    -0.9964858889579773,
                    -3.8244802951812744
                ],
                [
                    0.0,
                    0.9968841075897217,
                    -0.07887989282608032,
                    1.3289954662322998
                ],
                [
                    0.0,
                    0.0,
                    0.0,
                    1.0
                ]
            ],
            "semantic_path": "semantics/0025.png"
        },
        {
            "file_path": "images/0026.png",
            "transform_matrix": [
                [
                    -0.7954726219177246,
                    0.046267587691545486,
                    0.6042206883430481,
                    2.2712771892547607
                ],
                [
                    0.6059895753860474,
                    0.06073470041155815,
                    0.7931506037712097,
                    3.0648655891418457
                ],
                [
                    0.0,
                    0.9970811009407043,
                    -0.07635045796632767,
                    1.3621913194656372
                ],
                [
                    0.0,
                    0.0,
                    0.0,
                    1.0
                ]
            ],
            "semantic_path": "semantics/0026.png"
        },
        {
            "file_path": "images/0027.png",
            "transform_matrix": [
                [
                    -0.62984299659729,
                    -0.3140246868133545,
                    0.7104128003120422,
                    2.222888946533203
                ],
                [
                    0.7767224907875061,
                    -0.2546420991420746,
                    0.5760725736618042,
                    1.909596562385559
                ],
                [
                    0.0,
                    0.914628803730011,
                    0.40429458022117615,
                    2.881441116333008
                ],
                [
                    0.0,
                    0.0,
                    0.0,
                    1.0
                ]
            ],
            "semantic_path": "semantics/0027.png"
        },
        {
            "file_path": "images/0028.png",
            "transform_matrix": [
                [
                    0.33269089460372925,
                    0.21195368468761444,
                    -0.9189081788063049,
                    -3.147002696990967
                ],
                [
                    -0.9430360198020935,
                    0.07477451115846634,
                    -0.32417890429496765,
                    -0.981559693813324
                ],
                [
                    -7.450582373280668e-09,
                    0.9744148254394531,
                    0.22475673258304596,
                    2.4244980812072754
                ],
                [
                    0.0,
                    0.0,
                    0.0,
                    1.0
                ]
            ],
            "semantic_path": "semantics/0028.png"
        },
        {
            "file_path": "images/0029.png",
            "transform_matrix": [
                [
                    0.2746618092060089,
                    -0.12254231423139572,
                    -0.9537003040313721,
                    -3.762934923171997
                ],
                [
                    -0.961540937423706,
                    -0.035003915429115295,
                    -0.2724221646785736,
                    -0.9430451393127441
                ],
                [
                    -3.725290298461914e-09,
                    0.9918458461761475,
                    -0.12744368612766266,
                    1.1340901851654053
                ],
                [
                    0.0,
                    0.0,
                    0.0,
                    1.0
                ]
            ],
            "semantic_path": "semantics/0029.png"
        },
        {
            "file_path": "images/0030.png",
            "transform_matrix": [
                [
                    -0.021547600626945496,
                    -0.522734522819519,
                    0.8522232174873352,
                    2.5881378650665283
                ],
                [
                    0.9997678995132446,
                    -0.011266290210187435,
                    0.018367629498243332,
                    0.2000628411769867
                ],
                [
                    0.0,
                    0.8524211049079895,
                    0.5228558778762817,
                    3.202178478240967
                ],
                [
                    0.0,
                    0.0,
                    0.0,
                    1.0
                ]
            ],
            "semantic_path": "semantics/0030.png"
        },
        {
            "file_path": "images/0031.png",
            "transform_matrix": [
                [
                    -0.44248002767562866,
                    0.13524655997753143,
                    0.8865212202072144,
                    3.4439899921417236
                ],
                [
                    0.896778404712677,
                    0.06673209369182587,
                    0.43741902709007263,
                    1.821332335472107
                ],
                [
                    3.725290298461914e-09,
                    0.9885621666908264,
                    -0.15081380307674408,
                    1.0653705596923828
                ],
                [
                    0.0,
                    0.0,
                    0.0,
                    1.0
                ]
            ],
            "semantic_path": "semantics/0031.png"
        },
        {
            "file_path": "images/0032.png",
            "transform_matrix": [
                [
                    -0.39207568764686584,
                    -0.36003169417381287,
                    0.8465541005134583,
                    2.6702616214752197
                ],
                [
                    0.9199329614639282,
                    -0.15344561636447906,
                    0.360801637172699,
                    1.2632665634155273
                ],
                [
                    -1.4901161193847656e-08,
                    0.9202345013618469,
                    0.3913673162460327,
                    2.8559138774871826
                ],
                [
                    0.0,
                    0.0,
                    0.0,
                    1.0
                ]
            ],
            "semantic_path": "semantics/0032.png"
        },
        {
            "file_path": "images/0033.png",
            "transform_matrix": [
                [
                    -0.11378408223390579,
                    -0.6962065696716309,
                    0.7087662816047668,
                    2.01847505569458
                ],
                [
                    0.9935054779052734,
                    -0.07973506301641464,
                    0.08117350190877914,
                    0.371069073677063
                ],
                [
                    0.0,
                    0.7133994698524475,
                    0.7007575631141663,
                    3.5922796726226807
                ],
                [
                    0.0,
                    0.0,
                    0.0,
                    1.0
                ]
            ],
            "semantic_path": "semantics/0033.png"
        },
        {
            "file_path": "images/0034.png",
            "transform_matrix": [
                [
                    -0.2707536816596985,
                    0.338670015335083,
                    0.901107668876648,
                    3.8142142295837402
                ],
                [
                    0.9626487493515015,
                    0.09525401145219803,
                    0.25344470143318176,
                    1.2048174142837524
                ],
                [
                    0.0,
                    0.9360711574554443,
                    -0.35181060433387756,
                    0.172499880194664
                ],
                [
                    0.0,
                    0.0,
                    0.0,
                    1.0
                ]
            ],
            "semantic_path": "semantics/0034.png"
        },
        {
            "file_path": "images/0035.png",
            "transform_matrix": [
                [
                    0.958891749382019,
                    -0.27738720178604126,
                    0.05985882878303528,
                    0.19984611868858337
                ],
                [
                    0.283772349357605,
                    0.9373157620429993,
                    -0.20226827263832092,
                    -0.37065553665161133
                ],
                [
                    7.450581485102248e-09,
                    0.21093960106372833,
                    0.9774990677833557,
                    4.136677265167236
                ],
                [
                    0.0,
                    0.0,
                    0.0,
                    1.0
                ]
            ],
            "semantic_path": "semantics/0035.png"
        },
        {
            "file_path": "images/0036.png",
            "transform_matrix": [
                [
                    0.91316819190979,
                    0.25527921319007874,
                    -0.3177364468574524,
                    -0.9021241068840027
                ],
                [
                    -0.40758299827575684,
                    0.5719395279884338,
                    -0.7118716835975647,
                    -1.9815137386322021
                ],
                [
                    0.0,
                    0.7795625329017639,
                    0.6263243556022644,
                    3.514463186264038
                ],
                [
                    0.0,
                    0.0,
                    0.0,
                    1.0
                ]
            ],
            "semantic_path": "semantics/0036.png"
        },
        {
            "file_path": "images/0037.png",
            "transform_matrix": [
                [
                    0.7874889373779297,
                    0.4628446400165558,
                    -0.40698423981666565,
                    -1.1041686534881592
                ],
                [
                    -0.6163289546966553,
                    0.5913806557655334,
                    -0.5200073719024658,
                    -1.3257596492767334
                ],
                [
                    -2.980232594040899e-08,
                    0.6603360772132874,
                    0.750970184803009,
                    3.767667770385742
                ],
                [
                    0.0,
                    0.0,
                    0.0,
                    1.0
                ]
            ],
            "semantic_path": "semantics/0037.png"
        },
        {
            "file_path": "images/0038.png",
            "transform_matrix": [
                [
                    -0.9692872762680054,
                    -0.12848246097564697,
                    0.20970121026039124,
                    0.658366322517395
                ],
                [
                    0.24593159556388855,
                    -0.506386399269104,
                    0.8264929056167603,
                    2.5542540550231934
                ],
                [
                    0.0,
                    0.8526811003684998,
                    0.5224316716194153,
                    3.165952682495117
                ],
                [
                    0.0,
                    0.0,
                    0.0,
                    1.0
                ]
            ],
            "semantic_path": "semantics/0038.png"
        },
        {
            "file_path": "images/0039.png",
            "transform_matrix": [
                [
                    0.3099285662174225,
                    -0.4271770715713501,
                    0.8493903875350952,
                    2.683610200881958
                ],
                [
                    0.9507598876953125,
                    0.13925111293792725,
                    -0.27688413858413696,
                    -0.7141329050064087
                ],
                [
                    0.0,
                    0.8933805227279663,
                    0.44930070638656616,
                    3.0378365516662598
                ],
                [
                    0.0,
                    0.0,
                    0.0,
                    1.0
                ]
            ],
            "semantic_path": "semantics/0039.png"
        },
        {
            "file_path": "images/0040.png",
            "transform_matrix": [
                [
                    -0.6534258723258972,
                    -0.18777893483638763,
                    -0.7333306074142456,
                    -2.9118759632110596
                ],
                [
                    -0.7569906115531921,
                    0.16208870708942413,
                    0.6330028176307678,
                    2.6995012760162354
                ],
                [
                    1.4901161193847656e-08,
                    0.9687447547912598,
                    -0.24805980920791626,
                    0.6422996520996094
                ],
                [
                    0.0,
                    0.0,
                    0.0,
                    1.0
                ]
            ],
            "semantic_path": "semantics/0040.png"
        },
        {
            "file_path": "images/0041.png",
            "transform_matrix": [
                [
                    0.8133442401885986,
                    0.5553533434867859,
                    -0.1733604371547699,
                    -0.4007650911808014
                ],
                [
                    -0.5817827582359314,
                    0.7763954401016235,
                    -0.24236147105693817,
                    -0.480904757976532
                ],
                [
                    0.0,
                    0.2979814112186432,
                    0.9545716047286987,
                    4.109615325927734
                ],
                [
                    0.0,
                    0.0,
                    0.0,
                    1.0
                ]
            ],
            "semantic_path": "semantics/0041.png"
        },
        {
            "file_path": "images/0042.png",
            "transform_matrix": [
                [
                    0.27239054441452026,
                    -0.03947828710079193,
                    -0.9613764882087708,
                    -3.663661003112793
                ],
                [
                    -0.962186872959137,
                    -0.01117611676454544,
                    -0.2721611559391022,
                    -0.9052165746688843
                ],
                [
                    0.0,
                    0.9991578459739685,
                    -0.041029755026102066,
                    1.4848647117614746
                ],
                [
                    0.0,
                    0.0,
                    0.0,
                    1.0
                ]
            ],
            "semantic_path": "semantics/0042.png"
        },
        {
            "file_path": "images/0043.png",
            "transform_matrix": [
                [
                    0.6520187258720398,
                    -0.6889839768409729,
                    0.31650084257125854,
                    0.8751928210258484
                ],
                [
                    0.7582029104232788,
                    0.5924937129020691,
                    -0.27217578887939453,
                    -0.5667746067047119
                ],
                [
                    -1.4901161193847656e-08,
                    0.4174354672431946,
                    0.908706545829773,
                    4.0206146240234375
                ],
                [
                    0.0,
                    0.0,
                    0.0,
                    1.0
                ]
            ],
            "semantic_path": "semantics/0043.png"
        },
        {
            "file_path": "images/0044.png",
            "transform_matrix": [
                [
                    -0.8652486801147461,
                    0.5001064538955688,
                    -0.035188574343919754,
                    -0.04118672385811806
                ],
                [
                    -0.5013428926467896,
                    -0.8631147146224976,
                    0.060730621218681335,
                    0.29776531457901
                ],
                [
                    0.0,
                    0.07018861919641495,
                    0.9975337386131287,
                    4.1475934982299805
                ],
                [
                    0.0,
                    0.0,
