{
    "w": 1080,
    "h": 1920,
    "fl_x": 1758.7867091804196,
    "fl_y": 1761.7264608432986,
    "cx": 538.6145180175517,
    "cy": 1015.6073174186732,
    "k1": 0.09706480114277061,
    "k2": -0.15366748489599763,
    "p1": 0.0028502881400782076,
    "p2": 0.0023312849952017906,
    "camera_model": "OPENCV",
    "frames": [
        {
            "file_path": "images/frame_00001.png",
            "transform_matrix": [
                [
                    0.12872985282252308,
                    0.6717537808187151,
                    -0.7295035866588,
                    -5.034965942123047
                ],
                [
                    -0.6295704277550381,
                    -0.513008404591462,
                    -0.5834924620891526,
                    0.4732223052916565
                ],
                [
                    -0.7662047386231895,
                    0.5343867838694034,
                    0.3568768187163261,
                    -0.664897981335628
                ],
                [
                    0.0,
                    0.0,
                    0.0,
                    1.0
                ]
            ],
            "colmap_im_id": 1,
            "semantic_path": "semantics/frame_00001.png"
        },
        {
            "file_path": "images/frame_00002.png",
            "transform_matrix": [
                [
                    0.14901138731295827,
                    0.6708461557977311,
                    -0.7264716386084696,
                    -5.008134276795968
                ],
                [
                    -0.6277376688443068,
                    -0.503474084870833,
                    -0.5936827982832186,
                    0.38128901975641744
                ],
                [
                    -0.7640294664245506,
                    0.5444991102976057,
                    0.3460920301309071,
                    -0.7016062628990318
                ],
                [
                    0.0,
                    0.0,
                    0.0,
                    1.0
                ]
            ],
            "colmap_im_id": 2,
            "semantic_path": "semantics/frame_00002.png"
        },
        {
            "file_path": "images/frame_00003.png",
            "transform_matrix": [
                [
                    0.17074236720400088,
                    0.6699130136925328,
                    -0.7225396861951352,
                    -4.983440044955375
                ],
                [
                    -0.6256523050255174,
                    -0.49279070513602813,
                    -0.6047449992747307,
                    0.288099244129462
                ],
                [
                    -0.7611873864284884,
                    0.5553142128713487,
                    0.3349923696522689,
                    -0.765005425852412
                ],
                [
                    0.0,
                    0.0,
                    0.0,
                    1.0
                ]
            ],
            "colmap_im_id": 3,
            "semantic_path": "semantics/frame_00003.png"
        },
        {
            "file_path": "images/frame_00004.png",
            "transform_matrix": [
                [
                    0.1938782323635227,
                    0.668763309896855,
                    -0.7177512566003619,
                    -4.957368750328092
                ],
                [
                    -0.6231874115489927,
                    -0.48109349442748955,
                    -0.6165926529779715,
                    0.18319625376167892
                ],
                [
                    -0.7576600036312211,
                    0.5668374413845206,
                    0.32349131973236617,
                    -0.8447609148939108
                ],
                [
                    0.0,
                    0.0,
                    0.0,
                    1.0
                ]
            ],
            "colmap_im_id": 4,
            "semantic_path": "semantics/frame_00004.png"
        },
        {
            "file_path": "images/frame_00005.png",
            "transform_matrix": [
                [
                    0.2118804111713512,
                    0.6675100666890658,
                    -0.7138186059711656,
                    -4.938891302561966
                ],
                [
                    -0.6212272709820519,
                    -0.47185663777120107,
                    -0.6256420631474914,
                    0.10316714934544498
                ],
                [
                    -0.7544424226871468,
                    0.5760048821494627,
                    0.3146982786574025,
                    -0.8959615434423517
                ],
                [
                    0.0,
                    0.0,
                    0.0,
                    1.0
                ]
            ],
            "colmap_im_id": 5,
            "semantic_path": "semantics/frame_00005.png"
        },
        {
            "file_path": "images/frame_00006.png",
            "transform_matrix": [
                [
                    0.2368654615008868,
                    0.6660611538460596,
                    -0.7072886910485898,
                    -4.885302233726863
                ],
                [
                    -0.6184079248231263,
                    -0.4581174217637643,
                    -0.6385139516036246,
                    -0.002365374871529378
                ],
                [
                    -0.7493106109377651,
                    0.588634833503571,
                    0.3033853014275685,
                    -0.9642000653805914
                ],
                [
                    0.0,
                    0.0,
                    0.0,
                    1.0
                ]
            ],
            "colmap_im_id": 6,
            "semantic_path": "semantics/frame_00006.png"
        },
        {
            "file_path": "images/frame_00007.png",
            "transform_matrix": [
                [
                    0.26544362784386666,
                    0.6644553360129866,
                    -0.6985977289405937,
                    -4.809827561465489
                ],
                [
                    -0.6140865644672446,
                    -0.44207997296174534,
                    -0.6538065377823616,
                    -0.11832360980519856
                ],
                [
                    -0.7432613078708609,
                    0.6025482586067371,
                    0.2906857827140598,
                    -0.9926899598926798
                ],
                [
                    0.0,
                    0.0,
                    0.0,
                    1.0
                ]
            ],
            "colmap_im_id": 7,
            "semantic_path": "semantics/frame_00007.png"
        },
        {
            "file_path": "images/frame_00008.png",
            "transform_matrix": [
                [
                    0.2972033775478616,
                    0.6619073943320009,
                    -0.6881487874746018,
                    -4.69597972123682
                ],
                [
                    -0.6079903209414685,
                    -0.42452135517283196,
                    -0.6709168269194865,
                    -0.23058989172832609
                ],
                [
                    -0.7362186645390301,
                    0.617786549166331,
                    0.27626410851488326,
                    -1.0375546096241988
                ],
                [
                    0.0,
                    0.0,
                    0.0,
                    1.0
                ]
            ],
            "colmap_im_id": 8,
            "semantic_path": "semantics/frame_00008.png"
        },
        {
            "file_path": "images/frame_00009.png",
            "transform_matrix": [
                [
                    0.3222768414842883,
                    0.659567539637953,
                    -0.6790495549655025,
                    -4.573422669994903
                ],
                [
                    -0.6022663726852695,
                    -0.41056739291224853,
                    -0.6846237157809878,
                    -0.30695397405083413
                ],
                [
                    -0.7303511852358681,
                    0.6296070810697543,
                    0.2649189870345001,
                    -1.109727665416804
                ],
                [
                    0.0,
                    0.0,
                    0.0,
                    1.0
                ]
            ],
            "colmap_im_id": 9,
            "semantic_path": "semantics/frame_00009.png"
        },
        {
            "file_path": "images/frame_00010.png",
            "transform_matrix": [
                [
                    0.35838226533343004,
                    0.6544314497461333,
                    -0.6657939842606369,
                    -4.4276188826338725
                ],
                [
                    -0.5928594621654448,
                    -0.39136675903463686,
                    -0.7038108538830756,
                    -0.43015355253418236
                ],
                [
                    -0.7211655912586087,
                    0.6469555916026221,
                    0.24772697164160923,
                    -1.2146128307269253
                ],
                [
                    0.0,
                    0.0,
                    0.0,
                    1.0
                ]
            ],
            "colmap_im_id": 10,
            "semantic_path": "semantics/frame_00010.png"
        },
        {
            "file_path": "images/frame_00011.png",
            "transform_matrix": [
                [
                    0.3951878220324471,
                    0.6476143938064186,
                    -0.651476923806205,
                    -4.306887947418592
                ],
                [
                    -0.5823175018590246,
                    -0.3718853833631735,
                    -0.722916031548264,
                    -0.5619829866260158
                ],
                [
                    -0.7104455731060024,
                    0.6650540268095294,
                    0.23015262127230607,
                    -1.307972029837096
                ],
                [
                    0.0,
                    0.0,
                    0.0,
                    1.0
                ]
            ],
            "colmap_im_id": 11,
            "semantic_path": "semantics/frame_00011.png"
        },
        {
            "file_path": "images/frame_00012.png",
            "transform_matrix": [
                [
                    0.43207089187262476,
                    0.63872965323925,
                    -0.6366625279292477,
                    -4.207690621388597
                ],
                [
                    -0.5716427183797121,
                    -0.3520497673544974,
                    -0.7411380194195253,
                    -0.6928204425106699
                ],
                [
                    -0.6975237249870758,
                    0.6841676632072804,
                    0.2130146983230089,
                    -1.3987648696329213
                ],
                [
                    0.0,
                    0.0,
                    0.0,
                    1.0
                ]
            ],
            "colmap_im_id": 12,
            "semantic_path": "semantics/frame_00012.png"
        },
        {
            "file_path": "images/frame_00013.png",
            "transform_matrix": [
                [
                    0.4605991100290426,
                    0.6307287838528102,
                    -0.6245235472422228,
                    -4.108882047219333
                ],
                [
                    -0.5623246767351784,
                    -0.33703835845533037,
                    -0.7551133046532905,
                    -0.8074073528302106
                ],
                [
                    -0.6867600874942654,
                    0.6989895179108848,
                    0.19943479153742924,
                    -1.4927738043681915
                ],
                [
                    0.0,
                    0.0,
                    0.0,
                    1.0
                ]
            ],
            "colmap_im_id": 13,
            "semantic_path": "semantics/frame_00013.png"
        },
        {
            "file_path": "images/frame_00014.png",
            "transform_matrix": [
                [
                    0.5011688150399134,
                    0.6175011264999863,
                    -0.6062360741515934,
                    -3.9477272921478614
                ],
                [
                    -0.5473260333365453,
                    -0.31644116356036883,
                    -0.7747897800285203,
                    -0.991465144238414
                ],
                [
                    -0.670271610665088,
                    0.7201092616928404,
                    0.17938399917668457,
                    -1.64311291560388
                ],
                [
                    0.0,
                    0.0,
                    0.0,
                    1.0
                ]
            ],
            "colmap_im_id": 14,
            "semantic_path": "semantics/frame_00014.png"
        },
        {
            "file_path": "images/frame_00015.png",
            "transform_matrix": [
                [
                    0.5428035330182653,
                    0.6009458896909945,
                    -0.5867097768116599,
                    -3.756124162843346
                ],
                [
                    -0.5307285224945247,
                    -0.29598528699397314,
                    -0.7941787867312208,
                    -1.2015569980048022
                ],
                [
                    -0.6509159392376772,
                    0.7424666642662108,
                    0.15827726463310549,
                    -1.8368821154605877
                ],
                [
                    0.0,
                    0.0,
                    0.0,
                    1.0
                ]
            ],
            "colmap_im_id": 15,
            "semantic_path": "semantics/frame_00015.png"
        },
        {
            "file_path": "images/frame_00016.png",
            "transform_matrix": [
                [
                    0.5847680117280691,
                    0.5816339887319408,
                    -0.5654628861484843,
                    -3.5469235267283943
                ],
                [
                    -0.5127626134369618,
                    -0.2751188750880325,
                    -0.8132552531841355,
                    -1.4335745468225922
                ],
                [
                    -0.6285864099078966,
                    0.7655138847349983,
                    0.13735944655186236,
                    -2.0520040235255768
                ],
                [
                    0.0,
                    0.0,
                    0.0,
                    1.0
                ]
            ],
            "colmap_im_id": 16,
            "semantic_path": "semantics/frame_00016.png"
        },
        {
            "file_path": "images/frame_00017.png",
            "transform_matrix": [
                [
                    0.6151003653046344,
                    0.5661956022075901,
                    -0.5487021784564832,
                    -3.371666383299929
                ],
                [
                    -0.49874962529426314,
                    -0.259582726740589,
                    -0.826961679430645,
                    -1.5884274073855942
                ],
                [
                    -0.6106556737400692,
                    0.7823294370140405,
                    0.12272041439938565,
                    -2.1929675954032835
                ],
                [
                    0.0,
                    0.0,
                    0.0,
                    1.0
                ]
            ],
            "colmap_im_id": 17,
            "semantic_path": "semantics/frame_00017.png"
        },
        {
            "file_path": "images/frame_00018.png",
            "transform_matrix": [
                [
                    0.6548321896490514,
                    0.5436957639073907,
                    -0.5249663986471782,
                    -3.159250885591949
                ],
                [
                    -0.4793766656363854,
                    -0.2382015635215536,
                    -0.8446644467356421,
                    -1.7637647296611667
                ],
                [
                    -0.5842882985673854,
                    0.8047701109292308,
                    0.10465301100390569,
                    -2.333031870129979
                ],
                [
                    0.0,
                    0.0,
                    0.0,
                    1.0
                ]
            ],
            "colmap_im_id": 18,
            "semantic_path": "semantics/frame_00018.png"
        },
        {
            "file_path": "images/frame_00019.png",
            "transform_matrix": [
                [
                    0.6940895658599636,
                    0.5200473253776015,
                    -0.4977855501437638,
                    -2.9099091190724278
                ],
                [
                    -0.4570282915363066,
                    -0.2159280990057525,
                    -0.8628442482830644,
                    -1.8964381810189708
                ],
                [
                    -0.5562057310921307,
                    0.8263932692292238,
                    0.08780290013948118,
                    -2.432924213449127
                ],
                [
                    0.0,
                    0.0,
                    0.0,
                    1.0
                ]
            ],
            "colmap_im_id": 19,
            "semantic_path": "semantics/frame_00019.png"
        },
        {
            "file_path": "images/frame_00020.png",
            "transform_matrix": [
                [
                    0.7329420988873756,
                    0.4937506582840024,
                    -0.4679809473928215,
                    -2.6494149517768695
                ],
                [
                    -0.4321528065831281,
                    -0.19335254087008144,
                    -0.8808284433993995,
                    -1.9994209238894565
                ],
                [
                    -0.5253949290209166,
                    0.8478355279080948,
                    0.07165951559917412,
                    -2.492490964811137
                ],
                [
                    0.0,
                    0.0,
                    0.0,
                    1.0
                ]
            ],
            "colmap_im_id": 20,
            "semantic_path": "semantics/frame_00020.png"
        },
        {
            "file_path": "images/frame_00021.png",
            "transform_matrix": [
                [
                    0.7615241727163945,
                    0.47196417846761957,
                    -0.4442192573628433,
                    -2.4498658702142397
                ],
                [
                    -0.4120296361338847,
                    -0.1765373153441917,
                    -0.8939050034754499,
                    -2.0378398172887278
                ],
                [
                    -0.5003124157124123,
                    0.8637617672335645,
                    0.06002579570118218,
                    -2.5290020248769656
                ],
                [
                    0.0,
                    0.0,
                    0.0,
                    1.0
                ]
            ],
            "colmap_im_id": 21,
            "semantic_path": "semantics/frame_00021.png"
        },
        {
            "file_path": "images/frame_00022.png",
            "transform_matrix": [
                [
                    0.7972563770704384,
                    0.44131595090530856,
                    -0.41185252299465425,
                    -2.1864384283207476
                ],
                [
                    -0.3844437151225848,
                    -0.15480305171539346,
                    -0.9100763951901764,
                    -2.0657228352401646
                ],
                [
                    -0.46538725715608487,
                    0.8838983237093192,
                    0.04624342353883062,
                    -2.5660687500651895
                ],
                [
                    0.0,
                    0.0,
                    0.0,
                    1.0
                ]
            ],
            "colmap_im_id": 22,
            "semantic_path": "semantics/frame_00022.png"
        },
        {
            "file_path": "images/frame_00023.png",
            "transform_matrix": [
                [
                    0.8298374022301704,
                    0.40894383555008784,
                    -0.3796509254900677,
                    -1.95159522048568
                ],
                [
                    -0.3568467193096804,
                    -0.13413988788692138,
                    -0.9244819681289635,
                    -2.11143255977612
                ],
                [
                    -0.4289875345249562,
                    0.902646902084789,
                    0.03461596999843726,
                    -2.6020128400402927
                ],
                [
                    0.0,
                    0.0,
                    0.0,
                    1.0
                ]
            ],
            "colmap_im_id": 23,
            "semantic_path": "semantics/frame_00023.png"
        },
        {
            "file_path": "images/frame_00024.png",
            "transform_matrix": [
                [
                    0.8591997760703053,
                    0.3756696682608297,
                    -0.3473442746750475,
                    -1.7104918698085847
                ],
                [
                    -0.32862531032021103,
                    -0.11513181537742051,
                    -0.9374167005685595,
                    -2.16999720548528
                ],
                [
                    -0.392149397829044,
                    0.919574339266107,
                    0.024533331319258573,
                    -2.605542476187147
                ],
                [
                    0.0,
                    0.0,
                    0.0,
                    1.0
                ]
            ],
            "colmap_im_id": 24,
            "semantic_path": "semantics/frame_00024.png"
        },
        {
            "file_path": "images/frame_00025.png",
            "transform_matrix": [
                [
                    0.8793967176932558,
                    0.3496081891045597,
                    -0.32316486043714393,
                    -1.502393452436293
                ],
                [
                    -0.30733646071066084,
                    -0.10153575033455071,
                    -0.9461684793533574,
                    -2.21087013682588
                ],
                [
                    -0.36360103524078796,
                    0.9313777995609677,
                    0.018157137902132903,
                    -2.6193120847569733
                ],
                [
                    0.0,
                    0.0,
                    0.0,
                    1.0
                ]
            ],
            "colmap_im_id": 25,
            "semantic_path": "semantics/frame_00025.png"
        },
        {
            "file_path": "images/frame_00026.png",
            "transform_matrix": [
                [
                    0.9041517676518531,
                    0.31345469944213816,
                    -0.290268380037627,
                    -1.1877466025473227
                ],
                [
                    -0.2776599765723731,
                    -0.085208657131122,
                    -0.956893109056461,
                    -2.2788549420161712
                ],
                [
                    -0.32467602076817853,
                    0.9457725076082247,
                    0.009992266539259805,
                    -2.6593833065318764
                ],
                [
                    0.0,
                    0.0,
                    0.0,
                    1.0
                ]
            ],
            "colmap_im_id": 26,
            "semantic_path": "semantics/frame_00026.png"
        },
        {
            "file_path": "images/frame_00027.png",
            "transform_matrix": [
                [
                    0.9260564360840807,
                    0.2757213282997887,
                    -0.25767659247174723,
                    -0.8790405578338142
                ],
                [
                    -0.24782534323034291,
                    -0.07062846417227005,
                    -0.9662267949614256,
                    -2.362346038983504
                ],
                [
                    -0.28460863732503533,
                    0.9586393321626577,
                    0.0029247890043566094,
                    -2.7095476706452275
                ],
                [
                    0.0,
                    0.0,
                    0.0,
                    1.0
                ]
            ],
            "colmap_im_id": 27,
            "semantic_path": "semantics/frame_00027.png"
        },
        {
            "file_path": "images/frame_00028.png",
            "transform_matrix": [
                [
                    0.9445492068666466,
                    0.2381383680987447,
                    -0.22609049835598016,
                    -0.6150354752406235
                ],
                [
                    -0.21857525328778232,
                    -0.057866812715517094,
                    -0.9741028131754518,
                    -2.4799966427620492
                ],
                [
                    -0.24505439081512187,
                    0.9695058275355616,
                    -0.0026068979296201646,
                    -2.7507566229285696
                ],
                [
                    0.0,
                    0.0,
                    0.0,
                    1.0
                ]
            ],
            "colmap_im_id": 28,
            "semantic_path": "semantics/frame_00028.png"
        },
        {
            "file_path": "images/frame_00029.png",
            "transform_matrix": [
                [
                    0.956320898462319,
                    0.2099032420705335,
                    -0.20344770367959927,
                    -0.44420048755471453
                ],
                [
                    -0.19757682177500338,
                    -0.04879920904566448,
                    -0.9790720283481732,
                    -2.560647940620342
                ],
                [
                    -0.215438479992576,
                    0.9765035924996879,
                    -0.005195687990235148,
                    -2.7585079361318083
                ],
                [
                    0.0,
                    0.0,
                    0.0,
                    1.0
                ]
            ],
            "colmap_im_id": 29,
            "semantic_path": "semantics/frame_00029.png"
        },
        {
            "file_path": "images/frame_00030.png",
            "transform_matrix": [
                [
                    0.9692528612428225,
                    0.17423582333838686,
                    -0.17375491025636183,
                    -0.22447713736709288
                ],
                [
                    -0.1701469333843526,
                    -0.03555219361450673,
                    -0.9847771639254727,
                    -2.6332352480478844
                ],
                [
                    -0.17776082817230165,
                    0.9840619489619499,
                    -0.004813374357595125,
                    -2.7301800934949956
                ],
                [
                    0.0,
                    0.0,
                    0.0,
                    1.0
                ]
            ],
            "colmap_im_id": 30,
            "semantic_path": "semantics/frame_00030.png"
        },
        {
            "file_path": "images/frame_00031.png",
            "transform_matrix": [
                [
                    0.979920739810412,
                    0.13732748437494166,
                    -0.14455623723888494,
                    -0.03476512641995187
                ],
                [
                    -0.14275856182094399,
                    -0.022903202368280844,
                    -0.989492514548793,
                    -2.6311728933645697
                ],
                [
                    -0.1391953185859005,
                    0.9902608774239886,
                    -0.0028386488408985036,
                    -2.663477525951464
                ],
                [
                    0.0,
                    0.0,
                    0.0,
                    1.0
                ]
            ],
            "colmap_im_id": 31,
            "semantic_path": "semantics/frame_00031.png"
        },
        {
            "file_path": "images/frame_00032.png",
            "transform_matrix": [
                [
                    0.988591868748194,
                    0.09868989044539785,
                    -0.11378234735155067,
                    0.14862907156299637
                ],
                [
                    -0.1132960698913176,
                    -0.010536071530115052,
                    -0.9935054059963109,
                    -2.578934154412941
                ],
                [
                    -0.09924775862524673,
                    0.9950624587032655,
                    0.0007653020822471709,
                    -2.5885765226386552
                ],
                [
                    0.0,
                    0.0,
                    0.0,
                    1.0
                ]
            ],
            "colmap_im_id": 32,
            "semantic_path": "semantics/frame_00032.png"
        },
        {
            "file_path": "images/frame_00033.png",
            "transform_matrix": [
                [
                    0.9935365780688621,
                    0.069181934978299,
                    -0.08999404375776401,
                    0.26883118740441847
                ],
                [
                    -0.0901146520591723,
                    -0.001381928473548167,
                    -0.9959304392164887,
                    -2.5166341113765403
                ],
                [
                    -0.06902476022030248,
                    0.997603102514398,
                    0.00486130951260472,
                    -2.523049791566484
                ],
                [
                    0.0,
                    0.0,
                    0.0,
                    1.0
                ]
            ],
            "colmap_im_id": 33,
            "semantic_path": "semantics/frame_00033.png"
        },
        {
            "file_path": "images/frame_00034.png",
            "transform_matrix": [
                [
                    0.9978698553276918,
                    0.029529360313244653,
                    -0.05817017025745832,
                    0.40013894182910953
                ],
                [
                    -0.05845628032604053,
                    0.008919269525196222,
                    -0.998250123927656,
                    -2.494680095515288
                ],
                [
                    -0.02895885216534806,
                    0.999524118523724,
                    0.01062644675505593,
                    -2.4555973472182555
                ],
                [
                    0.0,
                    0.0,
                    0.0,
                    1.0
                ]
            ],
            "colmap_im_id": 34,
            "semantic_path": "semantics/frame_00034.png"
        },
        {
            "file_path": "images/frame_00035.png",
            "transform_matrix": [
                [
                    0.9995417207303475,
                    -0.010670172312499048,
                    -0.028328359328374405,
                    0.5192398981422306
                ],
                [
                    -0.02813840305080969,
                    0.017550747127063438,
                    -0.9994499494967379,
                    -2.4768080276991027
                ],
                [
                    0.011161487049945552,
                    0.9997890370963783,
                    0.017242462374337502,
                    -2.420659061579229
                ],
                [
                    0.0,
                    0.0,
                    0.0,
                    1.0
                ]
            ],
            "colmap_im_id": 35,
            "semantic_path": "semantics/frame_00035.png"
        },
        {
            "file_path": "images/frame_00036.png",
            "transform_matrix": [
                [
                    0.9987051329370457,
                    -0.050867464288055074,
                    0.0007473433625265208,
                    0.6667916601788725
                ],
                [
                    0.0019849462935147577,
                    0.024283784672848314,
                    -0.9997031348306229,
                    -2.461897940854713
                ],
                [
                    0.05083421518436113,
                    0.998410135605036,
                    0.024353309584610638,
                    -2.406784495693446
                ],
                [
                    0.0,
                    0.0,
                    0.0,
                    1.0
                ]
            ],
            "colmap_im_id": 36,
            "semantic_path": "semantics/frame_00036.png"
        },
        {
            "file_path": "images/frame_00037.png",
            "transform_matrix": [
                [
                    0.9953189918764429,
                    -0.09194785738092734,
                    0.029760644030634425,
                    0.8596608226149617
                ],
                [
                    0.03249020436657913,
                    0.02833278946453624,
                    -0.9990703877412124,
                    -2.4380710389214166
                ],
                [
                    0.09101917946388777,
                    0.9953606605468265,
                    0.031187568124265114,
                    -2.4030546750281467
                ],
                [
                    0.0,
                    0.0,
                    0.0,
                    1.0
                ]
            ],
            "colmap_im_id": 37,
            "semantic_path": "semantics/frame_00037.png"
        },
        {
            "file_path": "images/frame_00038.png",
            "transform_matrix": [
                [
                    0.9909171900581155,
                    -0.12397580369059394,
                    0.05208764293572835,
                    1.0576630406698806
                ],
                [
                    0.05610981140223332,
                    0.029173416069642008,
                    -0.997998297022211,
                    -2.4349732681079534
                ],
                [
                    0.12220806647572173,
                    0.9918562959895445,
                    0.03586469843964545,
                    -2.402238546312082
                ],
                [
                    0.0,
                    0.0,
                    0.0,
                    1.0
                ]
            ],
            "colmap_im_id": 38,
            "semantic_path": "semantics/frame_00038.png"
        },
        {
            "file_path": "images/frame_00039.png",
            "transform_matrix": [
                [
                    0.9824184676626238,
                    -0.1671399192433055,
                    0.08317572837531013,
                    1.3799720651145038
                ],
                [
                    0.08916516194169595,
                    0.028642689466649742,
                    -0.9956049267837258,
                    -2.427519442892634
                ],
                [
                    0.16402295050185262,
                    0.9855170438584299,
                    0.043042165061813735,
                    -2.4007524882359266
                ],
                [
                    0.0,
                    0.0,
                    0.0,
                    1.0
                ]
            ],
            "colmap_im_id": 39,
            "semantic_path": "semantics/frame_00039.png"
        },
        {
            "file_path": "images/frame_00040.png",
            "transform_matrix": [
                [
                    0.9713363251647336,
                    -0.20896626228862306,
                    0.11330862562308922,
                    1.6699105717871057
                ],
                [
                    0.12099792337404242,
                    0.024345514279706177,
                    -0.9923541698776833,
                    -2.4581504803268412
                ],
                [
                    0.204609984982748,
                    0.9776197610316493,
                    0.04893216616685422,
                    -2.3837165186814935
                ],
                [
                    0.0,
                    0.0,
                    0.0,
                    1.0
                ]
            ],
            "colmap_im_id": 40,
            "semantic_path": "semantics/frame_00040.png"
        },
        {
            "file_path": "images/frame_00041.png",
            "transform_matrix": [
                [
                    0.958163219128378,
                    -0.2495148454201573,
                    0.14023404516913518,
                    1.9267845473352558
                ],
                [
                    0.1499885326983584,
                    0.020421201529341217,
                    -0.9884768154019048,
                    -2.500043250328907
                ],
                [
                    0.24377589209874193,
                    0.9681556261485306,
                    0.056991209746850034,
                    -2.337606494899963
                ],
                [
                    0.0,
                    0.0,
                    0.0,
                    1.0
                ]
            ],
            "colmap_im_id": 41,
            "semantic_path": "semantics/frame_00041.png"
        },
        {
            "file_path": "images/frame_00042.png",
            "transform_matrix": [
                [
                    0.9470829632747478,
                    -0.2789614271286687,
                    0.15879037391812895,
                    2.085615607059194
                ],
                [
                    0.17039756962547306,
                    0.017700490678514265,
                    -0.9852164030787713,
                    -2.5004701941262386
                ],
                [
                    0.2720267063000521,
                    0.9601391642903003,
                    0.06429818236520299,
                    -2.2758427245021577
                ],
                [
                    0.0,
                    0.0,
                    0.0,
                    1.0
                ]
            ],
            "colmap_im_id": 42,
            "semantic_path": "semantics/frame_00042.png"
        },
        {
            "file_path": "images/frame_00043.png",
