{
    "camera_angle_x": 0.9500215649604797,
    "camera_angle_y": 0.6605947017669678,
    "fl_x": 995.5555555555555,
    "fl_y": 995.5555555555555,
    "k1": 0.0,
    "k2": 0.0,
    "p1": 0.0,
    "p2": 0.0,
    "cx": 512.0,
    "cy": 512.0,
    "w": 1024.0,
    "h": 1024.0,
    "aabb_scale": 16,
    "frames": [
        {
            "file_path": "images/0000.png",
            "transform_matrix": [
                [
                    0.7228978276252747,
                    0.13798092305660248,
                    -0.6770377159118652,
                    -1.3591456413269043
                ],
                [
                    -0.6909549236297607,
                    0.1443597972393036,
                    -0.7083371877670288,
                    -1.529289722442627
                ],
                [
                    7.450580596923828e-09,
                    0.979857861995697,
                    0.19969600439071655,
                    1.5955657958984375
                ],
                [
                    0.0,
                    0.0,
                    0.0,
                    1.0
                ]
            ],
            "semantic_path": "semantics/0000.png"
        },
        {
            "file_path": "images/0001.png",
            "transform_matrix": [
                [
                    -0.385012149810791,
                    0.7801210880279541,
                    -0.4931296408176422,
                    -0.7744074463844299
                ],
                [
                    -0.9229115843772888,
                    -0.3254440724849701,
                    0.2057195007801056,
                    0.2195390909910202
                ],
                [
                    0.0,
                    0.5343194603919983,
                    0.8452826142311096,
                    2.5257790088653564
                ],
                [
                    0.0,
                    0.0,
                    0.0,
                    1.0
                ]
            ],
            "semantic_path": "semantics/0001.png"
        },
        {
            "file_path": "images/0002.png",
            "transform_matrix": [
                [
                    0.9956189393997192,
                    0.08605550974607468,
                    -0.036571960896253586,
                    -0.05181436240673065
                ],
                [
                    -0.09350431710481644,
                    0.9163051843643188,
                    -0.3894123435020447,
                    -0.6838830709457397
                ],
                [
                    0.0,
                    0.39112594723701477,
                    0.9203370809555054,
                    2.56298828125
                ],
                [
                    0.0,
                    0.0,
                    0.0,
                    1.0
                ]
            ],
            "semantic_path": "semantics/0002.png"
        },
        {
            "file_path": "images/0003.png",
            "transform_matrix": [
                [
                    -0.9967706799507141,
                    -0.04099472612142563,
                    0.06904847174882889,
                    0.1321485936641693
                ],
                [
                    0.08030106127262115,
                    -0.5088642835617065,
                    0.8570932149887085,
                    1.5036077499389648
                ],
                [
                    0.0,
                    0.8598700761795044,
                    0.5105128884315491,
                    2.1518168449401855
                ],
                [
                    0.0,
                    0.0,
                    0.0,
                    1.0
                ]
            ],
            "semantic_path": "semantics/0003.png"
        },
        {
            "file_path": "images/0004.png",
            "transform_matrix": [
                [
                    -0.7188110947608948,
                    0.23123551905155182,
                    0.6556224226951599,
                    1.7885349988937378
                ],
                [
                    0.6952054500579834,
                    0.23908710479736328,
                    0.677884042263031,
                    1.7419856786727905
                ],
                [
                    0.0,
                    0.9430627822875977,
                    -0.3326146900653839,
                    0.2878567576408386
                ],
                [
                    0.0,
                    0.0,
                    0.0,
                    1.0
                ]
            ],
            "semantic_path": "semantics/0004.png"
        },
        {
            "file_path": "images/0005.png",
            "transform_matrix": [
                [
                    -0.9660279154777527,
                    0.00627982197329402,
                    -0.25836166739463806,
                    -0.6048464179039001
                ],
                [
                    -0.25843799114227295,
                    -0.023473650217056274,
                    0.9657425880432129,
                    2.165961742401123
                ],
                [
                    0.0,
                    0.9997047781944275,
                    0.02429914101958275,
                    1.2510443925857544
                ],
                [
                    0.0,
                    0.0,
                    0.0,
                    1.0
                ]
            ],
            "semantic_path": "semantics/0005.png"
        },
        {
            "file_path": "images/0006.png",
            "transform_matrix": [
                [
                    -0.9034813046455383,
                    0.08378231525421143,
                    -0.4203595221042633,
                    -0.9084692001342773
                ],
                [
                    -0.4286275804042816,
                    -0.17660029232501984,
                    0.8860535025596619,
                    1.815770149230957
                ],
                [
                    -7.450580596923828e-09,
                    0.9807103872299194,
                    0.19546648859977722,
                    1.6175552606582642
                ],
                [
                    0.0,
                    0.0,
                    0.0,
                    1.0
                ]
            ],
            "semantic_path": "semantics/0006.png"
        },
        {
            "file_path": "images/0007.png",
            "transform_matrix": [
                [
                    0.9832687377929688,
                    0.1721002608537674,
                    -0.059699688106775284,
                    -0.085570327937603
                ],
                [
                    -0.18216080963611603,
                    0.9289638996124268,
                    -0.32224735617637634,
                    -0.5804702043533325
                ],
                [
                    0.0,
                    0.32773080468177795,
                    0.9447712302207947,
                    2.5890755653381348
                ],
                [
                    0.0,
                    0.0,
                    0.0,
                    1.0
                ]
            ],
            "semantic_path": "semantics/0007.png"
        },
        {
            "file_path": "images/0008.png",
            "transform_matrix": [
                [
                    -0.28421512246131897,
                    0.3508016765117645,
                    -0.8922778964042664,
                    -1.7383787631988525
                ],
                [
                    -0.9587606191635132,
                    -0.10399170964956284,
                    0.264506995677948,
                    0.4114912152290344
                ],
                [
                    0.0,
                    0.9306577444076538,
                    0.36589083075523376,
                    1.9078224897384644
                ],
                [
                    0.0,
                    0.0,
                    0.0,
                    1.0
                ]
            ],
            "semantic_path": "semantics/0008.png"
        },
        {
            "file_path": "images/0009.png",
            "transform_matrix": [
                [
                    0.3494076132774353,
                    0.7124959826469421,
                    -0.6084930300712585,
                    -0.9733139276504517
                ],
                [
                    -0.9369708299636841,
                    0.26569828391075134,
                    -0.22691431641578674,
                    -0.46852755546569824
                ],
                [
                    1.4901161193847656e-08,
                    0.6494258046150208,
                    0.7604249715805054,
                    2.4134867191314697
                ],
                [
                    0.0,
                    0.0,
                    0.0,
                    1.0
                ]
            ],
            "semantic_path": "semantics/0009.png"
        },
        {
            "file_path": "images/0010.png",
            "transform_matrix": [
                [
                    0.18633288145065308,
                    -0.809070885181427,
                    0.5573906302452087,
                    0.8762446641921997
                ],
                [
                    0.9824867248535156,
                    0.1534438133239746,
                    -0.10571155697107315,
                    -0.2702941298484802
                ],
                [
                    0.0,
                    0.5673264861106873,
                    0.8234930038452148,
                    2.484659433364868
                ],
                [
                    0.0,
                    0.0,
                    0.0,
                    1.0
                ]
            ],
            "semantic_path": "semantics/0010.png"
        },
        {
            "file_path": "images/0011.png",
            "transform_matrix": [
                [
                    0.10990796238183975,
                    -0.15993355214595795,
                    0.9809901118278503,
                    2.062669515609741
                ],
                [
                    0.9939418435096741,
                    0.017685111612081528,
                    -0.10847578942775726,
                    -0.3324008584022522
                ],
                [
                    0.0,
                    0.9869693517684937,
                    0.16090838611125946,
                    1.5318223237991333
                ],
                [
                    0.0,
                    0.0,
                    0.0,
                    1.0
                ]
            ],
            "semantic_path": "semantics/0011.png"
        },
        {
            "file_path": "images/0012.png",
            "transform_matrix": [
                [
                    0.9983114004135132,
                    0.0012154156574979424,
                    0.05807722359895706,
                    0.12988847494125366
                ],
                [
                    0.05808994546532631,
                    -0.02088766358792782,
                    -0.998092770576477,
                    -2.292316198348999
                ],
                [
                    -1.1641533570472262e-10,
                    0.99978107213974,
                    -0.02092299424111843,
                    1.148053526878357
                ],
                [
                    0.0,
                    0.0,
                    0.0,
                    1.0
                ]
            ],
            "semantic_path": "semantics/0012.png"
        },
        {
            "file_path": "images/0013.png",
            "transform_matrix": [
                [
                    0.5934551954269409,
                    -0.10325675457715988,
                    -0.7982161045074463,
                    -1.8714202642440796
                ],
                [
                    -0.8048670291900635,
                    -0.07613462954759598,
                    -0.5885512232780457,
                    -1.4863710403442383
                ],
                [
                    3.725290298461914e-09,
                    0.991736650466919,
                    -0.12829042971134186,
                    0.8927210569381714
                ],
                [
                    0.0,
                    0.0,
                    0.0,
                    1.0
                ]
            ],
            "semantic_path": "semantics/0013.png"
        },
        {
            "file_path": "images/0014.png",
            "transform_matrix": [
                [
                    -0.3463648855686188,
                    -0.9304336309432983,
                    0.11968543380498886,
                    0.1785634160041809
                ],
                [
                    0.9380998611450195,
                    -0.343534380197525,
                    0.044190213084220886,
                    -0.03962850198149681
                ],
                [
                    3.725290298461914e-09,
                    0.12758278846740723,
                    0.9918279051780701,
                    2.6522042751312256
                ],
                [
                    0.0,
                    0.0,
                    0.0,
                    1.0
                ]
            ],
            "semantic_path": "semantics/0014.png"
        },
        {
            "file_path": "images/0015.png",
            "transform_matrix": [
                [
                    -0.8611120581626892,
                    0.49062657356262207,
                    -0.13331051170825958,
                    -0.1971960961818695
                ],
                [
                    -0.5084153413772583,
                    -0.8309829235076904,
                    0.2257903814315796,
                    0.2337784767150879
                ],
                [
                    7.450580596923828e-09,
                    0.2622077465057373,
                    0.965011477470398,
                    2.6401259899139404
                ],
                [
                    0.0,
                    0.0,
                    0.0,
                    1.0
                ]
            ],
            "semantic_path": "semantics/0015.png"
        },
        {
            "file_path": "images/0016.png",
            "transform_matrix": [
                [
                    -0.18123996257781982,
                    0.0679357722401619,
                    0.9810895919799805,
                    2.320755958557129
                ],
                [
                    0.9834389686584473,
                    0.012520020827651024,
                    0.1808069944381714,
                    0.3226180672645569
                ],
                [
                    9.31322685637781e-10,
                    0.9976111054420471,
                    -0.06907980889081955,
                    1.0306893587112427
                ],
                [
                    0.0,
                    0.0,
                    0.0,
                    1.0
                ]
            ],
            "semantic_path": "semantics/0016.png"
        },
        {
            "file_path": "images/0017.png",
            "transform_matrix": [
                [
                    0.8984319567680359,
                    0.06117963045835495,
                    -0.4348301291465759,
                    -0.8885403871536255
                ],
                [
                    -0.43911299109458923,
                    0.12517446279525757,
                    -0.8896691203117371,
                    -1.9278666973114014
                ],
                [
                    0.0,
                    0.990246593952179,
                    0.13932549953460693,
                    1.4794446229934692
                ],
                [
                    0.0,
                    0.0,
                    0.0,
                    1.0
                ]
            ],
            "semantic_path": "semantics/0017.png"
        },
        {
            "file_path": "images/0018.png",
            "transform_matrix": [
                [
                    -0.905299961566925,
                    0.08082816004753113,
                    0.4170117676258087,
                    1.0786422491073608
                ],
                [
                    0.42477288842201233,
                    0.17226554453372955,
                    0.8887590169906616,
                    2.1887431144714355
                ],
                [
                    -7.450580596923828e-09,
                    0.9817287921905518,
                    -0.1902855932712555,
                    0.7029035091400146
                ],
                [
                    0.0,
                    0.0,
                    0.0,
                    1.0
                ]
            ],
            "semantic_path": "semantics/0018.png"
        },
        {
            "file_path": "images/0019.png",
            "transform_matrix": [
                [
                    -0.588313102722168,
                    -0.020600516349077225,
                    -0.80837082862854,
                    -1.9092400074005127
                ],
                [
                    -0.8086333274841309,
                    0.014987701550126076,
                    0.5881221890449524,
                    1.2863309383392334
                ],
                [
                    0.0,
                    0.9996753334999084,
                    -0.025475727394223213,
                    1.1336634159088135
                ],
                [
                    0.0,
                    0.0,
                    0.0,
                    1.0
                ]
            ],
            "semantic_path": "semantics/0019.png"
        },
        {
            "file_path": "images/0020.png",
            "transform_matrix": [
                [
                    0.8476672768592834,
                    -0.026384951546788216,
                    -0.5298717021942139,
                    -1.1831841468811035
                ],
                [
                    -0.53052818775177,
                    -0.04215734452009201,
                    -0.8466182947158813,
                    -1.99920654296875
                ],
                [
                    -1.862645149230957e-09,
                    0.9987624883651733,
                    -0.04973336309194565,
                    1.0826187133789062
                ],
                [
                    0.0,
                    0.0,
                    0.0,
                    1.0
                ]
            ],
            "semantic_path": "semantics/0020.png"
        },
        {
            "file_path": "images/0021.png",
            "transform_matrix": [
                [
                    0.2082870453596115,
                    -0.273428350687027,
                    0.939070463180542,
                    1.8638168573379517
                ],
                [
                    0.9780677556991577,
                    0.05822867155075073,
                    -0.19998228549957275,
                    -0.500964343547821
                ],
                [
                    3.725290298461914e-09,
                    0.9601283669471741,
                    0.2795597016811371,
                    1.747998833656311
                ],
                [
                    0.0,
                    0.0,
                    0.0,
                    1.0
                ]
            ],
            "semantic_path": "semantics/0021.png"
        },
        {
            "file_path": "images/0022.png",
            "transform_matrix": [
                [
                    -0.548644483089447,
                    0.7057833671569824,
                    -0.44817301630973816,
                    -0.7065668702125549
                ],
                [
                    -0.8360556960105896,
                    -0.46315592527389526,
                    0.2941043972969055,
                    0.360767662525177
                ],
                [
                    0.0,
                    0.536056399345398,
                    0.8441822528839111,
                    2.529686689376831
                ],
                [
                    0.0,
                    0.0,
                    0.0,
                    1.0
                ]
            ],
            "semantic_path": "semantics/0022.png"
        },
        {
            "file_path": "images/0023.png",
            "transform_matrix": [
                [
                    -0.9749294519424438,
                    -0.030067048966884613,
                    0.22047367691993713,
                    0.4951804578304291
                ],
                [
                    0.22251445055007935,
                    -0.1317364126443863,
                    0.965988039970398,
                    2.053647518157959
                ],
                [
                    1.862645149230957e-09,
                    0.9908287525177002,
                    0.13512404263019562,
                    1.4958140850067139
                ],
                [
                    0.0,
                    0.0,
                    0.0,
                    1.0
                ]
            ],
            "semantic_path": "semantics/0023.png"
        },
        {
            "file_path": "images/0024.png",
            "transform_matrix": [
                [
                    0.6461979150772095,
                    -0.5783522129058838,
                    0.4979327917098999,
                    0.7944152355194092
                ],
                [
                    0.7631698846817017,
                    0.48970744013786316,
                    -0.42161399126052856,
                    -0.7750633955001831
                ],
                [
                    -1.4901161193847656e-08,
                    0.6524534225463867,
                    0.7578288316726685,
                    2.399034023284912
                ],
                [
                    0.0,
                    0.0,
                    0.0,
                    1.0
                ]
            ],
            "semantic_path": "semantics/0024.png"
        },
        {
            "file_path": "images/0025.png",
            "transform_matrix": [
                [
                    0.9998208284378052,
                    -0.0024928308557718992,
                    -0.018764641135931015,
                    -0.040685586631298065
                ],
                [
                    -0.01892950013279915,
                    -0.13166667520999908,
                    -0.9911133050918579,
                    -2.3903002738952637
                ],
                [
                    -2.3283064365386963e-10,
                    0.9912909269332886,
                    -0.13169026374816895,
                    0.8902113437652588
                ],
                [
                    0.0,
                    0.0,
                    0.0,
                    1.0
                ]
            ],
            "semantic_path": "semantics/0025.png"
        },
        {
            "file_path": "images/0026.png",
            "transform_matrix": [
                [
                    -0.8186872601509094,
                    0.06542006880044937,
                    0.5705010294914246,
                    1.4195482730865479
                ],
                [
                    0.5742397308349609,
                    0.09326866269111633,
                    0.8133569955825806,
                    1.9155409336090088
                ],
                [
                    3.725290742551124e-09,
                    0.9934893846511841,
                    -0.11392465978860855,
                    0.9109587669372559
                ],
                [
                    0.0,
                    0.0,
                    0.0,
                    1.0
                ]
            ],
            "semantic_path": "semantics/0026.png"
        },
        {
            "file_path": "images/0027.png",
            "transform_matrix": [
                [
                    -0.6833954453468323,
                    -0.24173888564109802,
                    0.6888636350631714,
                    1.389305591583252
                ],
                [
                    0.7300484776496887,
                    -0.22629079222679138,
                    0.6448424458503723,
                    1.193497896194458
                ],
                [
                    0.0,
                    0.9435861706733704,
                    0.33112719655036926,
                    1.860489845275879
                ],
                [
                    0.0,
                    0.0,
                    0.0,
                    1.0
                ]
            ],
            "semantic_path": "semantics/0027.png"
        },
        {
            "file_path": "images/0028.png",
            "transform_matrix": [
                [
                    0.25016555190086365,
                    0.17824049293994904,
                    -0.9516550898551941,
                    -1.966876745223999
                ],
                [
                    -0.9682031273841858,
                    0.04605400562286377,
                    -0.24588985741138458,
                    -0.6134747862815857
                ],
                [
                    0.0,
                    0.9829086065292358,
                    0.1840941160917282,
                    1.5749003887176514
                ],
                [
                    0.0,
                    0.0,
                    0.0,
                    1.0
                ]
            ],
            "semantic_path": "semantics/0028.png"
        },
        {
            "file_path": "images/0029.png",
            "transform_matrix": [
                [
                    0.20167982578277588,
                    -0.1707262396812439,
                    -0.9644571542739868,
                    -2.351834297180176
                ],
                [
                    -0.979451596736908,
                    -0.03515440225601196,
                    -0.19859230518341064,
                    -0.5894032120704651
                ],
                [
                    3.725291186640334e-09,
                    0.9846911430358887,
                    -0.17430798709392548,
                    0.7683955430984497
                ],
                [
                    0.0,
                    0.0,
                    0.0,
                    1.0
                ]
            ],
            "semantic_path": "semantics/0029.png"
        },
        {
            "file_path": "images/0030.png",
            "transform_matrix": [
                [
                    -0.14077672362327576,
                    -0.4646666347980499,
                    0.874223530292511,
                    1.6175861358642578
                ],
                [
                    0.9900413751602173,
                    -0.06607223302125931,
                    0.1243082731962204,
                    0.12503927946090698
                ],
                [
                    -7.450580596923828e-09,
                    0.8830172419548035,
                    0.46934056282043457,
                    2.060950756072998
                ],
                [
                    0.0,
                    0.0,
                    0.0,
                    1.0
                ]
            ],
            "semantic_path": "semantics/0030.png"
        },
        {
            "file_path": "images/0031.png",
            "transform_matrix": [
                [
                    -0.5005092024803162,
                    0.16048496961593628,
                    0.8507261872291565,
                    2.152493715286255
                ],
                [
                    0.8657311797142029,
                    0.0927819311618805,
                    0.4918343126773834,
                    1.138332724571228
                ],
                [
                    0.0,
                    0.9826678037643433,
                    -0.18537504971027374,
                    0.7254457473754883
                ],
                [
                    0.0,
                    0.0,
                    0.0,
                    1.0
                ]
            ],
            "semantic_path": "semantics/0031.png"
        },
        {
            "file_path": "images/0032.png",
            "transform_matrix": [
                [
                    -0.47282513976097107,
                    -0.28666952252388,
                    0.8332208395004272,
                    1.66891348361969
                ],
                [
                    0.8811562657356262,
                    -0.1538257896900177,
                    0.4471031725406647,
                    0.7895416021347046
                ],
                [
                    0.0,
                    0.945599377155304,
                    0.3253333568572998,
                    1.8445353507995605
                ],
                [
                    0.0,
                    0.0,
                    0.0,
                    1.0
                ]
            ],
            "semantic_path": "semantics/0032.png"
        },
        {
            "file_path": "images/0033.png",
            "transform_matrix": [
                [
                    -0.2582341432571411,
                    -0.6267179250717163,
                    0.7352140545845032,
                    1.2615468502044678
                ],
                [
                    0.9660823345184326,
                    -0.16752193868160248,
                    0.19652298092842102,
                    0.23191817104816437
                ],
                [
                    7.450580596923828e-09,
                    0.7610263228416443,
                    0.6487209796905518,
                    2.3047640323638916
                ],
                [
                    0.0,
                    0.0,
                    0.0,
                    1.0
                ]
            ],
            "semantic_path": "semantics/0033.png"
        },
        {
            "file_path": "images/0034.png",
            "transform_matrix": [
                [
                    -0.33884066343307495,
                    0.35360512137413025,
                    0.8718660473823547,
                    2.3838839530944824
                ],
                [
                    0.9408438801765442,
                    0.12734928727149963,
                    0.31399860978126526,
                    0.7530108690261841
                ],
                [
                    0.0,
                    0.9266852736473083,
                    -0.3758383095264435,
                    0.16740155220031738
                ],
                [
                    0.0,
                    0.0,
                    0.0,
                    1.0
                ]
            ],
            "semantic_path": "semantics/0034.png"
        },
        {
            "file_path": "images/0035.png",
            "transform_matrix": [
                [
                    0.7204271554946899,
                    -0.6884644031524658,
                    0.08367529511451721,
                    0.12490382790565491
                ],
                [
                    0.6935306787490845,
                    0.7151644229888916,
                    -0.08692038059234619,
                    -0.23165971040725708
                ],
                [
                    -7.450580596923828e-09,
                    0.12065117061138153,
                    0.9926949739456177,
                    2.645012140274048
                ],
                [
                    0.0,
                    0.0,
                    0.0,
                    1.0
                ]
            ],
            "semantic_path": "semantics/0035.png"
        },
        {
            "file_path": "images/0036.png",
            "transform_matrix": [
                [
                    0.8945866823196411,
                    0.28705155849456787,
                    -0.3425144851207733,
                    -0.5638275742530823
                ],
                [
                    -0.4468945860862732,
                    0.5746153593063354,
                    -0.6856402158737183,
                    -1.2384461164474487
                ],
                [
                    0.0,
                    0.7664324045181274,
                    0.6423249840736389,
                    2.2561285495758057
                ],
                [
                    0.0,
                    0.0,
                    0.0,
                    1.0
                ]
            ],
            "semantic_path": "semantics/0036.png"
        },
        {
            "file_path": "images/0037.png",
            "transform_matrix": [
                [
                    0.7225548028945923,
                    0.5343097448348999,
                    -0.43866586685180664,
                    -0.6901054382324219
                ],
                [
                    -0.6913137435913086,
                    0.5584556460380554,
                    -0.4584895372390747,
                    -0.8285998106002808
                ],
                [
                    0.0,
                    0.6345394849777222,
                    0.7728905081748962,
                    2.414381504058838
                ],
                [
                    0.0,
                    0.0,
                    0.0,
                    1.0
                ]
            ],
            "semantic_path": "semantics/0037.png"
        },
        {
            "file_path": "images/0038.png",
            "transform_matrix": [
                [
                    -0.9723033905029297,
                    -0.10159371793270111,
                    0.21048754453659058,
                    0.4114789366722107
                ],
                [
                    0.2337227165699005,
                    -0.4226372241973877,
                    0.8756434321403503,
                    1.5964088439941406
                ],
                [
                    0.0,
                    0.9005867838859558,
                    0.43467631936073303,
                    2.0383095741271973
                ],
                [
                    0.0,
                    0.0,
                    0.0,
                    1.0
                ]
            ],
            "semantic_path": "semantics/0038.png"
        },
        {
            "file_path": "images/0039.png",
            "transform_matrix": [
                [
                    0.1999390572309494,
                    -0.39998528361320496,
                    0.8944473266601562,
                    1.6772563457489014
                ],
                [
                    0.9798083305358887,
                    0.08162073791027069,
                    -0.18252034485340118,
                    -0.44633305072784424
                ],
                [
                    0.0,
                    0.9128798842430115,
                    0.4082280993461609,
                    1.9582369327545166
                ],
                [
                    0.0,
                    0.0,
                    0.0,
                    1.0
                ]
            ],
            "semantic_path": "semantics/0039.png"
        },
        {
            "file_path": "images/0040.png",
            "transform_matrix": [
                [
                    -0.70107102394104,
                    -0.19656138122081757,
                    -0.6854655742645264,
                    -1.8199224472045898
                ],
                [
                    -0.7130914926528931,
                    0.193247988820076,
                    0.6739107966423035,
                    1.6871882677078247
                ],
                [
                    0.0,
                    0.9612590074539185,
                    -0.27564680576324463,
                    0.4610264003276825
                ],
                [
                    0.0,
                    0.0,
                    0.0,
                    1.0
                ]
            ],
            "semantic_path": "semantics/0040.png"
        },
        {
            "file_path": "images/0041.png",
            "transform_matrix": [
                [
                    0.6122526526451111,
                    0.771678626537323,
                    -0.17221735417842865,
                    -0.25047817826271057
                ],
                [
                    -0.7906622886657715,
                    0.5975525975227356,
                    -0.1333572417497635,
                    -0.3005654811859131
                ],
                [
                    -7.450581485102248e-09,
                    0.21781408786773682,
                    0.9759902358055115,
                    2.628098726272583
                ],
                [
                    0.0,
                    0.0,
                    0.0,
                    1.0
                ]
            ],
            "semantic_path": "semantics/0041.png"
        },
        {
            "file_path": "images/0042.png",
            "transform_matrix": [
                [
                    0.19721943140029907,
                    -0.08615265786647797,
                    -0.9765666127204895,
                    -2.289788246154785
                ],
                [
                    -0.9803594350814819,
                    -0.017331374809145927,
                    -0.1964564174413681,
                    -0.5657603740692139
                ],
                [
                    0.0,
                    0.996131181716919,
                    -0.08787865191698074,
                    0.9876295328140259
                ],
                [
                    0.0,
                    0.0,
                    0.0,
                    1.0
                ]
            ],
            "semantic_path": "semantics/0042.png"
        },
        {
            "file_path": "images/0043.png",
            "transform_matrix": [
                [
                    0.41681069135665894,
                    -0.8337127566337585,
                    0.36220431327819824,
                    0.5469955205917358
                ],
                [
                    0.9089934229850769,
                    0.38229140639305115,
                    -0.16608549654483795,
                    -0.35423412919044495
                ],
                [
                    0.0,
                    0.398467481136322,
                    0.917182445526123,
                    2.5724730491638184
                ],
                [
                    0.0,
                    0.0,
                    0.0,
                    1.0
                ]
            ],
            "semantic_path": "semantics/0043.png"
        },
        {
            "file_path": "images/0044.png",
            "transform_matrix": [
                [
                    -0.9952847361564636,
                    0.0951068326830864,
                    -0.019053857773542404,
                    -0.0257417019456625
                ],
                [
                    -0.09699670970439911,
                    -0.9758927822113037,
                    0.19551196694374084,
                    0.18610331416130066
                ],
                [
                    1.862645149230957e-09,
                    0.19643829762935638,
                    0.980516254901886,
